830 4
829 4
784 4
785 4
831 4
887 4
888 4
828 4
783 4
886 4
738 4
739 4
740 4
786 4
832 4
889 4
955 4
956 4
957 4
827 4
782 4
885 4
737 4
954 4
690 4
691 4
692 4
693 4
741 4
787 4
833 4
890 4
958 4
1019 4
1020 4
1021 4
1022 4
826 4
781 4
884 4
736 4
953 4
689 4
1018 4
643 4
644 4
645 4
646 4
647 4
694 4
742 4
788 4
834 4
891 4
959 4
1023 4
1083 4
1084 4
1085 4
1086 4
1087 4
825 4
780 4
883 4
735 4
952 4
688 4
1017 4
642 4
1082 4
595 4
596 4
597 4
598 4
599 4
600 4
648 4
695 4
743 4
789 4
835 4
892 4
960 4
1024 4
1088 4
1148 4
1149 4
1150 4
1151 4
1152 4
1153 4
824 4
779 4
882 4
734 4
951 4
687 4
1016 4
641 4
1081 4
594 4
1147 4
553 4
554 4
555 4
556 4
557 4
558 4
559 4
601 4
649 4
696 4
744 4
790 4
836 4
893 4
961 4
1025 4
1089 4
1154 4
1213 4
1214 4
1215 4
1216 4
823 4
778 4
881 4
733 4
950 4
686 4
1015 4
640 4
1080 4
593 4
552 4
512 4
513 4
514 4
515 4
516 4
517 4
518 4
519 4
560 4
602 4
650 4
697 4
745 4
791 4
837 4
894 4
962 4
1026 4
1090 4
1155 4
1217 4
1276 4
1277 4
822 4
777 4
880 4
732 4
949 4
685 4
1014 4
639 4
592 4
551 4
511 4
470 4
471 4
472 4
473 4
474 4
475 4
476 4
477 4
478 4
520 4
561 4
603 4
651 4
698 4
746 4
792 4
838 4
895 4
963 4
1027 4
1091 4
1156 4
1218 4
1278 4
821 4
776 4
879 4
731 4
948 4
684 4
1013 4
638 4
591 4
550 4
510 4
469 4
428 4
429 4
430 4
431 4
432 4
433 4
434 4
435 4
436 4
437 4
479 4
521 4
562 4
604 4
652 4
699 4
747 4
793 4
839 4
896 4
964 4
1028 4
1092 4
1157 4
1219 4
1279 4
1337 4
820 4
775 4
878 4
730 4
947 4
683 4
637 4
590 4
549 4
509 4
468 4
427 4
385 4
386 4
387 4
388 4
389 4
390 4
391 4
392 4
393 4
394 4
395 4
438 4
480 4
522 4
563 4
605 4
653 4
700 4
748 4
794 4
840 4
897 4
965 4
1029 4
1093 4
1158 4
1220 4
1280 4
1338 4
819 4
774 4
877 4
729 4
682 4
636 4
589 4
548 4
508 4
467 4
426 4
384 4
341 4
342 4
343 4
344 4
345 4
346 4
347 4
349 4
350 4
351 4
352 4
396 4
439 4
481 4
523 4
564 4
606 4
654 4
701 4
749 4
795 4
841 4
898 4
966 4
1030 4
1094 4
1159 4
1221 4
1281 4
1339 4
818 4
773 4
728 4
681 4
635 4
588 4
547 4
507 4
466 4
425 4
383 4
340 4
296 4
297 4
298 4
299 4
300 4
301 4
305 4
306 4
307 4
308 4
353 4
397 4
440 4
482 4
524 4
565 4
607 4
655 4
702 4
750 4
796 4
842 4
899 4
967 4
1031 4
1095 4
1160 4
1222 4
1282 4
1340 4
772 4
727 4
680 4
634 4
587 4
546 4
506 4
465 4
424 4
382 4
339 4
295 4
253 4
255 4
256 4
262 4
263 4
264 4
309 4
354 4
398 4
441 4
483 4
525 4
566 4
608 4
656 4
703 4
751 4
797 4
843 4
900 4
968 4
1032 4
1096 4
1161 4
1223 4
1283 4
1341 4
770 4
726 4
679 4
633 4
586 4
545 4
505 4
464 4
423 4
381 4
338 4
294 4
251 4
214 4
215 4
219 4
220 4
221 4
265 4
310 4
355 4
399 4
442 4
484 4
526 4
567 4
609 4
657 4
704 4
752 4
798 4
844 4
901 4
969 4
1033 4
1097 4
1162 4
1224 4
1284 4
1342 4
724 4
678 4
632 4
585 4
544 4
504 4
463 4
422 4
380 4
337 4
293 4
250 4
211 4
168 4
178 4
179 4
222 4
266 4
311 4
356 4
400 4
443 4
485 4
568 4
610 4
658 4
705 4
753 4
799 4
845 4
902 4
970 4
1034 4
1098 4
1163 4
1225 4
1285 4
1343 4
677 4
631 4
584 4
543 4
503 4
462 4
421 4
379 4
336 4
292 4
611 4
659 4
706 4
754 4
800 4
846 4
903 4
971 4
1035 4
1099 4
1164 4
1226 4
1286 4
1344 4
630 4
583 4
542 4
502 4
461 4
420 4
378 4
335 4
291 4
972 4
1036 4
1100 4
1165 4
1227 4
1287 4
1345 4
582 4
541 4
501 4
460 4
419 4
377 4
334 4
290 4
247 4
1101 4
1166 4
1228 4
1288 4
1346 4
540 4
500 4
459 4
418 4
376 4
333 4
289 4
246 4
499 4
458 4
417 4
375 4
332 4
288 4
245 4
203 4
457 4
416 4
374 4
331 4
287 4
244 4
202 4
415 4
373 4
330 4
286 4
243 4
201 4
166 4
372 4
329 4
285 4
242 4
200 4
165 4
328 4
284 4
241 4
199 4
164 4
139 4
282 4
240 4
198 4
163 4
138 4
238 4
197 4
162 4
137 4
116 4
195 4
161 4
136 4
115 4
135 4
114 4
113 4
95 4
92 4
93 4
94 4
96 4
97 4
111 4
112 4
117 4
118 4
133 4
134 4
140 4
141 4
142 4
143 4
144 4
159 4
160 4
167 4
169 4
170 4
171 4
172 4
173 4
174 4
175 4
176 4
177 4
180 4
196 4
204 4
205 4
206 4
207 4
208 4
209 4
210 4
212 4
213 4
216 4
217 4
218 4
223 4
239 4
248 4
249 4
252 4
254 4
257 4
258 4
259 4
260 4
261 4
267 4
283 4
302 4
303 4
304 4
312 4
326 4
327 4
348 4
357 4
370 4
371 4
401 4
413 4
414 4
455 4
456 4
497 4
498 4
527 4
538 4
539 4
569 4
580 4
581 4
628 4
629 4
676 4
707 4
725 4
771 4
816 4
817 4
875 4
876 4
904 4
946 4
1037 4
2524 5
2523 5
2481 5
2482 5
2525 5
2566 5
2567 5
2522 5
2480 5
2565 5
2443 5
2444 5
2445 5
2483 5
2526 5
2568 5
2521 5
2479 5
2564 5
2442 5
2406 5
2407 5
2484 5
2527 5
2569 5
2520 5
2478 5
2563 5
2441 5
2405 5
2528 5
2570 5
2519 5
2477 5
2440 5
2404 5
2369 5
2571 5
2608 5
2476 5
2439 5
2403 5
2368 5
2334 5
2438 5
2402 5
2367 5
2333 5
2299 5
2401 5
2366 5
2332 5
2298 5
2264 5
2399 5
2365 5
2331 5
2297 5
2263 5
2229 5
2363 5
2330 5
2296 5
2262 5
2228 5
2195 5
2328 5
2295 5
2261 5
2227 5
2194 5
2161 5
2293 5
2260 5
2226 5
2193 5
2160 5
2127 5
2258 5
2225 5
2192 5
2159 5
2126 5
2092 5
2223 5
2191 5
2158 5
2125 5
2091 5
2049 5
2189 5
2157 5
2124 5
2090 5
2048 5
2005 5
2156 5
2123 5
2089 5
2047 5
2004 5
1960 5
2122 5
2088 5
2046 5
2003 5
1959 5
1915 5
2087 5
2045 5
2002 5
1958 5
1914 5
2044 5
2001 5
1957 5
1913 5
1869 5
1912 5
1868 5
1824 5
2230 5
2265 5
2300 5
2335 5
2370 5
2371 5
2408 5
2436 5
2446 5
2474 5
2485 5
2517 5
2561 5
2562 5
2602 5
2603 5
2604 5
2605 5
2606 5
2607 5
2000 6
1956 6
1999 6
1955 6
1911 6
1998 6
1954 6
2041 6
2040 6
2039 6
2083 6
2038 6
2082 6
2117 6
2118 6
2037 6
2081 6
2116 6
2151 6
2152 6
2119 6
2153 6
2036 6
2080 6
2115 6
2150 6
2184 6
2185 6
2186 6
2154 6
2187 6
2035 6
2079 6
2114 6
2149 6
2183 6
2216 6
2217 6
2218 6
2219 6
2188 6
2220 6
2078 6
2113 6
2148 6
2182 6
2215 6
2249 6
2251 6
2252 6
2253 6
2254 6
2221 6
2255 6
2077 6
2284 6
2286 6
2287 6
2288 6
2289 6
2256 6
2290 6
2319 6
2321 6
2322 6
2323 6
2324 6
2291 6
2325 6
2356 6
2357 6
2358 6
2359 6
2326 6
2360 6
2392 6
2393 6
2394 6
2395 6
2361 6
2396 6
2429 6
2430 6
2431 6
2432 6
2397 6
2433 6
2467 6
2468 6
2469 6
2470 6
2434 6
2471 6
2509 6
2510 6
2511 6
2512 6
2472 6
2513 6
2552 6
2553 6
2554 6
2555 6
2514 6
2556 6
2593 6
2594 6
2595 6
2596 6
2515 6
2557 6
2597 6
2623 6
2624 6
2625 6
2558 6
2598 6
2626 6
2559 6
2599 6
2627 6
2600 6
2628 6
2629 6
2120 6
2121 6
2146 6
2147 6
2155 6
2180 6
2181 6
2190 6
2214 6
2222 6
2224 6
2250 6
2257 6
2259 6
2285 6
2292 6
2294 6
2320 6
2327 6
2329 6
2354 6
2355 6
2362 6
2364 6
2390 6
2391 6
2398 6
2400 6
2427 6
2428 6
2435 6
2437 6
2465 6
2466 6
2473 6
2475 6
2507 6
2508 6
2516 6
2518 6
2550 6
2551 6
2560 6
2591 6
2592 6
2601 6
2621 6
2622 6
2545 7
2544 7
2503 7
2504 7
2546 7
2584 7
2585 7
2543 7
2502 7
2583 7
2462 7
2463 7
2464 7
2505 7
2547 7
2586 7
2615 7
2616 7
2542 7
2501 7
2582 7
2461 7
2424 7
2425 7
2426 7
2548 7
2587 7
2617 7
2541 7
2500 7
2581 7
2460 7
2423 7
2387 7
2388 7
2389 7
2588 7
2618 7
2540 7
2499 7
2580 7
2459 7
2422 7
2386 7
2351 7
2352 7
2353 7
2589 7
2619 7
2498 7
2458 7
2421 7
2385 7
2350 7
2316 7
2317 7
2318 7
2620 7
2456 7
2420 7
2384 7
2349 7
2315 7
2281 7
2282 7
2283 7
2418 7
2383 7
2348 7
2314 7
2280 7
2246 7
2247 7
2248 7
2381 7
2347 7
2313 7
2279 7
2245 7
2211 7
2212 7
2213 7
2345 7
2312 7
2278 7
2244 7
2210 7
2177 7
2178 7
2179 7
2310 7
2277 7
2243 7
2209 7
2176 7
2143 7
2144 7
2145 7
2275 7
2242 7
2208 7
2175 7
2142 7
2108 7
2109 7
2110 7
2240 7
2207 7
2174 7
2141 7
2107 7
2064 7
2065 7
2066 7
2205 7
2173 7
2140 7
2106 7
2063 7
2020 7
2067 7
2171 7
2139 7
2105 7
2062 7
2019 7
2137 7
2104 7
2061 7
2018 7
2102 7
2060 7
2017 7
2058 7
2016 7
2014 7
1971 7
2506 7
2549 7
2590 7
2612 7
2613 7
2614 7
2630 7
2631 7
2632 7
2492 8
2491 8
2453 8
2454 8
2493 8
2533 8
2534 8
2490 8
2452 8
2532 8
2415 8
2416 8
2494 8
2535 8
2575 8
2489 8
2451 8
2531 8
2414 8
2378 8
2379 8
2380 8
2536 8
2576 8
2488 8
2450 8
2413 8
2377 8
2342 8
2343 8
2344 8
2577 8
2449 8
2412 8
2376 8
2341 8
2307 8
2308 8
2309 8
2578 8
2447 8
2411 8
2375 8
2340 8
2306 8
2271 8
2272 8
2273 8
2409 8
2374 8
2339 8
2305 8
2270 8
2236 8
2237 8
2238 8
2338 8
2304 8
2269 8
2235 8
2201 8
2202 8
2203 8
2303 8
2268 8
2234 8
2200 8
2167 8
2168 8
2169 8
2170 8
2266 8
2233 8
2199 8
2166 8
2133 8
2134 8
2135 8
2136 8
2231 8
2198 8
2165 8
2132 8
2098 8
2099 8
2100 8
2101 8
2164 8
2131 8
2097 8
2054 8
2055 8
2056 8
2057 8
2130 8
2096 8
2053 8
2010 8
2011 8
2012 8
2013 8
2095 8
2052 8
2009 8
1965 8
1966 8
1967 8
1968 8
2050 8
2008 8
1964 8
1920 8
1921 8
1922 8
1923 8
1924 8
2006 8
1963 8
1919 8
1875 8
1876 8
1877 8
1878 8
1961 8
1918 8
1874 8
1830 8
1831 8
1873 8
1829 8
1785 8
1828 8
1784 8
1782 8
1740 8
2007 8
2051 8
2093 8
2094 8
2103 8
2128 8
2129 8
2138 8
2162 8
2163 8
2172 8
2196 8
2197 8
2204 8
2206 8
2232 8
2239 8
2241 8
2267 8
2274 8
2276 8
2301 8
2302 8
2311 8
2336 8
2337 8
2346 8
2372 8
2373 8
2382 8
2410 8
2417 8
2419 8
2448 8
2455 8
2457 8
2486 8
2487 8
2495 8
2496 8
2497 8
2529 8
2530 8
2537 8
2538 8
2539 8
2572 8
2573 8
2574 8
2579 8
2609 8
2610 8
2611 8
105 9
104 9
85 9
86 9
106 9
126 9
127 9
103 9
84 9
125 9
71 9
72 9
73 9
87 9
107 9
128 9
152 9
153 9
154 9
102 9
83 9
124 9
70 9
151 9
58 9
59 9
60 9
61 9
74 9
88 9
108 9
129 9
155 9
189 9
190 9
191 9
101 9
82 9
123 9
69 9
150 9
57 9
187 9
44 9
45 9
46 9
47 9
75 9
89 9
109 9
156 9
192 9
234 9
100 9
81 9
122 9
68 9
149 9
56 9
186 9
43 9
35 9
36 9
37 9
38 9
63 9
76 9
90 9
110 9
131 9
157 9
193 9
235 9
279 9
121 9
148 9
185 9
42 9
228 9
34 9
27 9
28 9
29 9
30 9
64 9
77 9
91 9
132 9
158 9
194 9
236 9
280 9
323 9
324 9
147 9
184 9
227 9
272 9
25 9
21 9
22 9
23 9
24 9
53 9
65 9
78 9
237 9
368 9
183 9
226 9
271 9
316 9
15 9
16 9
17 9
270 9
315 9
360 9
361 9
10 9
11 9
402 9
404 9
9 9
3 9
0 9
1 9
2 9
4 9
5 9
6 9
7 9
8 9
12 9
13 9
14 9
18 9
19 9
20 9
26 9
31 9
32 9
33 9
39 9
40 9
41 9
48 9
49 9
50 9
51 9
52 9
54 9
55 9
62 9
66 9
67 9
79 9
80 9
98 9
99 9
119 9
120 9
130 9
145 9
146 9
181 9
182 9
188 9
224 9
225 9
229 9
230 9
231 9
232 9
233 9
268 9
269 9
273 9
274 9
275 9
276 9
277 9
278 9
281 9
313 9
314 9
317 9
318 9
319 9
320 9
321 9
322 9
325 9
358 9
359 9
362 9
363 9
364 9
365 9
366 9
367 9
369 9
403 9
405 9
406 9
407 9
408 9
409 9
410 9
411 9
412 9
444 9
445 9
446 9
447 9
448 9
449 9
450 9
451 9
452 9
453 9
454 9
486 9
487 9
488 9
489 9
490 9
491 9
492 9
493 9
494 9
495 9
496 9
528 9
529 9
530 9
531 9
532 9
533 9
534 9
535 9
536 9
537 9
570 9
571 9
572 9
573 9
574 9
575 9
576 9
577 9
578 9
579 9
612 9
613 9
614 9
615 9
616 9
617 9
618 9
619 9
620 9
621 9
622 9
623 9
624 9
625 9
626 9
627 9
660 9
661 9
662 9
663 9
664 9
665 9
666 9
667 9
668 9
669 9
670 9
671 9
672 9
673 9
674 9
675 9
708 9
709 9
710 9
711 9
712 9
713 9
714 9
715 9
716 9
717 9
718 9
719 9
720 9
721 9
722 9
723 9
755 9
756 9
757 9
758 9
759 9
760 9
761 9
762 9
763 9
764 9
765 9
766 9
767 9
768 9
769 9
801 9
802 9
803 9
804 9
805 9
806 9
807 9
808 9
809 9
810 9
811 9
812 9
813 9
814 9
815 9
847 9
848 9
849 9
850 9
851 9
852 9
853 9
854 9
855 9
856 9
857 9
858 9
905 9
906 9
907 9
908 9
909 9
910 9
911 9
912 9
913 9
973 9
974 9
975 9
976 9
977 9
978 9
1038 9
1039 9
1040 9
1041 9
1102 9
1103 9
